CAN,CHN,DEU,FRA,GBR,IND,ITA,JPN,RUS,USA
596000000000.0,361000000000.0,1770000000000.0,1270000000000.0,1090000000000.0,321000000000.0,1180000000000.0,3190000000000.0,517000000000.0,5960000000000.0
613000000000.0,383000000000.0,1870000000000.0,1270000000000.0,1140000000000.0,270000000000.0,1250000000000.0,3650000000000.0,518000000000.0,6160000000000.0
594000000000.0,427000000000.0,2130000000000.0,1400000000000.0,1180000000000.0,288000000000.0,1320000000000.0,3980000000000.0,460000000000.0,6520000000000.0
579000000000.0,445000000000.0,2070000000000.0,1320000000000.0,1060000000000.0,279000000000.0,1060000000000.0,4540000000000.0,435000000000.0,6860000000000.0
580000000000.0,564000000000.0,2210000000000.0,1390000000000.0,1140000000000.0,327000000000.0,1100000000000.0,5000000000000.0,395000000000.0,7290000000000.0
606000000000.0,734000000000.0,2590000000000.0,1600000000000.0,1340000000000.0,360000000000.0,1170000000000.0,5550000000000.0,396000000000.0,7640000000000.0
631000000000.0,864000000000.0,2500000000000.0,1610000000000.0,1420000000000.0,393000000000.0,1310000000000.0,4920000000000.0,392000000000.0,8070000000000.0
655000000000.0,962000000000.0,2210000000000.0,1450000000000.0,1560000000000.0,416000000000.0,1240000000000.0,4490000000000.0,405000000000.0,8580000000000.0
634000000000.0,1030000000000.0,2240000000000.0,1500000000000.0,1650000000000.0,421000000000.0,1270000000000.0,4100000000000.0,271000000000.0,9060000000000.0
678000000000.0,1090000000000.0,2190000000000.0,1490000000000.0,1690000000000.0,459000000000.0,1250000000000.0,4640000000000.0,196000000000.0,9630000000000.0
745000000000.0,1210000000000.0,1950000000000.0,1370000000000.0,1670000000000.0,468000000000.0,1150000000000.0,4970000000000.0,260000000000.0,10300000000000.0
739000000000.0,1340000000000.0,1950000000000.0,1380000000000.0,1650000000000.0,485000000000.0,1170000000000.0,4370000000000.0,307000000000.0,10600000000000.0
761000000000.0,1470000000000.0,2080000000000.0,1500000000000.0,1790000000000.0,515000000000.0,1280000000000.0,4180000000000.0,345000000000.0,10900000000000.0
896000000000.0,1660000000000.0,2500000000000.0,1840000000000.0,2050000000000.0,608000000000.0,1580000000000.0,4520000000000.0,430000000000.0,11500000000000.0
1030000000000.0,1960000000000.0,2810000000000.0,2120000000000.0,2420000000000.0,709000000000.0,1810000000000.0,4890000000000.0,591000000000.0,12200000000000.0
1170000000000.0,2290000000000.0,2850000000000.0,2200000000000.0,2540000000000.0,820000000000.0,1860000000000.0,4830000000000.0,764000000000.0,13000000000000.0
1320000000000.0,2750000000000.0,2990000000000.0,2320000000000.0,2710000000000.0,940000000000.0,1950000000000.0,4600000000000.0,990000000000.0,13800000000000.0
1470000000000.0,3550000000000.0,3430000000000.0,2660000000000.0,3090000000000.0,1220000000000.0,2210000000000.0,4580000000000.0,1300000000000.0,14500000000000.0
1550000000000.0,4590000000000.0,3750000000000.0,2930000000000.0,2930000000000.0,1200000000000.0,2410000000000.0,5110000000000.0,1660000000000.0,14800000000000.0
1370000000000.0,5100000000000.0,3410000000000.0,2700000000000.0,2410000000000.0,1340000000000.0,2200000000000.0,5290000000000.0,1220000000000.0,14500000000000.0
1620000000000.0,6090000000000.0,3400000000000.0,2650000000000.0,2490000000000.0,1680000000000.0,2140000000000.0,5760000000000.0,1520000000000.0,15000000000000.0
1790000000000.0,7550000000000.0,3750000000000.0,2870000000000.0,2660000000000.0,1820000000000.0,2290000000000.0,6230000000000.0,2050000000000.0,15600000000000.0
1830000000000.0,8530000000000.0,3530000000000.0,2680000000000.0,2710000000000.0,1830000000000.0,2090000000000.0,6270000000000.0,2210000000000.0,16300000000000.0
1850000000000.0,9570000000000.0,3730000000000.0,2810000000000.0,2780000000000.0,1860000000000.0,2140000000000.0,5210000000000.0,2290000000000.0,16900000000000.0
1810000000000.0,10500000000000.0,3890000000000.0,2860000000000.0,3060000000000.0,2040000000000.0,2160000000000.0,4900000000000.0,2060000000000.0,17600000000000.0
